ALADDIN -1 -1
apple1 65 995 7 7 -1 -1
appledestroy1 65 1004 7 10 -1 -1
appledestroy2 82 662 20 18 -1 -1
appledestroy3 157 745 29 22 -1 -1
appledestroy4 84 560 31 25 -1 -1
appledestroy5 117 560 30 27 -1 -1
climb1 887 834 29 86 -1 -1
climb10 888 552 28 81 -1 -1
climb2 888 304 28 89 -1 -1
climb3 888 395 28 74 -1 -1
climb4 644 173 42 62 -1 -1
climb5 886 80 31 76 -1 -1
climb6 887 922 29 86 -1 -1
climb7 888 471 28 79 -1 -1
climb8 852 80 32 63 -1 -1
climb9 644 851 42 62 -1 -1
hangcut1 502 73 48 87 12 87
hangcut2 345 0 52 89 13 89
hangcut3 166 76 61 102 49 102
hangcut4 0 685 78 90 45 90
hangcut5 284 914 55 89 20 89
hangcut6 80 685 75 89 41 89
hangcut7 502 73 48 87 13 87
climbjump1 851 817 34 73 -1 -1
climbjump2 888 635 25 77 -1 -1
climbjump3 813 341 36 71 -1 -1
climbjump4 502 223 48 64 -1 -1
climbjump5 224 858 59 54 -1 -1
climbjump6 158 480 59 41 -1 -1
climbjump7 343 344 52 54 -1 -1
climbjump8 502 500 47 67 -1 -1
climbjump9 551 525 45 75 -1 -1
hang1 451 460 49 88 -1 -1
hang2 502 693 47 87 -1 -1
hang3 688 750 41 88 -1 -1
hang4 731 226 40 88 -1 -1
hang5 773 0 38 88 -1 -1
hangthrow1 813 53 37 87 -1 -1
hangthrow2 688 396 41 87 18 87
hangthrow3 397 886 51 88 17 88
hangthrow4 229 126 57 89 37 89
hangthrow5 887 743 31 89 17 89
crazy1 598 680 44 62 -1 -1
crazy2 451 283 49 59 -1 -1
crazy3 851 494 35 57 -1 -1
crazy4 731 109 40 61 -1 -1
crazy5 813 194 36 60 -1 -1
crazy6 773 192 38 63 -1 -1
crazy7 502 162 48 59 -1 -1
crazy8 813 612 37 61 -1 -1
cut1 551 411 45 51 -1 -1
cut2 398 495 51 62 23 62
cut3 598 351 45 74 17 74
cut4 0 479 82 69 13 69
cut5 397 739 51 53 20 53
dance1 341 411 54 62 -1 -1
dance2 450 840 50 63 -1 -1
dance3 552 73 45 60 -1 -1
dance4 450 646 50 59 -1 -1
dance5 284 479 56 54 -1 -1
dance6 224 797 59 59 -1 -1
dance7 229 55 58 69 -1 -1
dance8 285 535 55 70 -1 -1
die1 0 635 80 48 -1 -1
die2 166 180 61 51 -1 -1
die3 550 964 45 58 -1 -1
die4 551 351 45 58 -1 -1
die5 772 699 39 50 -1 -1
die6 689 0 40 51 -1 -1
die7 851 441 35 51 -1 -1
die8 813 414 36 51 -1 -1
die9 772 751 39 49 -1 -1
die10 598 482 44 56 -1 -1
die11 688 540 41 53 -1 -1
die12 772 699 39 50 -1 -1
die13 689 0 40 51 -1 -1
die14 813 0 37 51 -1 -1
die15 813 758 37 57 -1 -1
die16 599 282 43 55 -1 -1
die17 222 424 61 53 -1 -1
die18 159 571 61 51 -1 -1
die19 0 910 76 83 -1 -1
die20 0 777 77 85 -1 -1
die21 79 823 75 85 -1 -1
die22 88 276 68 83 -1 -1
die23 157 662 66 81 -1 -1
die24 104 0 66 74 -1 -1
die25 155 946 66 74 -1 -1
die26 156 852 66 74 -1 -1
die27 98 160 66 74 -1 -1
die28 156 776 66 74 -1 -1
hit1 644 297 42 46 -1 -1
hit2 285 265 55 52 -1 -1
hit3 224 745 59 50 -1 -1
hit4 0 635 80 48 -1 -1
hit5 166 180 61 51 -1 -1
hit6 224 233 59 49 -1 -1
down1 645 345 42 49 -1 -1
down2 293 0 48 40 -1 -1
down3 104 76 54 30 -1 -1
down4 159 624 53 35 -1 -1
downcut1 399 50 47 33 20 33
downcut2 451 0 45 31 20 31
downcut3 84 525 71 33 20 33
downcut4 0 240 92 34 21 34
downcut5 0 382 84 33 20 33
downcut6 84 525 71 33 20 33
downcut7 451 0 45 31 20 31
downn1 341 981 52 38 -1 -1
downn2 395 981 52 39 -1 -1
downn3 342 854 52 39 -1 -1
downn4 342 563 52 38 -1 -1
downn5 0 995 63 22 -1 -1
downn6 285 852 55 42 -1 -1
downthrow1 812 891 37 44 -1 -1
downthrow2 812 937 37 48 -1 -1
downthrow3 399 0 50 44 19 44
downthrow4 0 550 82 37 30 37
downthrow5 223 985 57 37 26 37
flippe1 451 404 49 54 -1 -1
flippe2 812 857 37 32 -1 -1
flippe3 812 987 35 34 -1 -1
flippe4 773 150 38 40 -1 -1
flippe5 772 857 38 31 -1 -1
flippe6 812 572 37 38 -1 -1
flippe7 551 744 39 35 -1 -1
flippe8 812 857 37 32 -1 -1
flippe9 812 987 35 34 -1 -1
flippe10 773 150 38 40 -1 -1
flippe11 772 857 38 31 -1 -1
flippe12 812 572 37 38 -1 -1
flippe13 551 744 39 35 -1 -1
flippe14 599 163 43 42 -1 -1
hug1 396 854 51 30 -1 -1
hug10 551 464 45 59 -1 -1
hug11 644 237 42 58 -1 -1
hug12 450 905 49 56 -1 -1
hug13 451 167 49 57 -1 -1
hug14 450 963 49 57 -1 -1
hug15 398 91 50 56 -1 -1
hug2 398 149 50 30 -1 -1
hug3 345 91 51 29 -1 -1
hug4 396 563 51 30 -1 -1
hug5 160 236 51 30 -1 -1
hug6 502 569 47 60 -1 -1
hug7 502 631 47 60 -1 -1
hug8 551 602 45 60 -1 -1
hug9 552 894 45 60 -1 -1
revive1 158 271 64 69 -1 -1
revive10 342 197 53 87 -1 -1
revive11 599 61 43 100 -1 -1
revive12 450 50 50 115 -1 -1
revive13 552 135 45 134 -1 -1
revive14 731 502 40 141 -1 -1
revive2 224 329 58 66 -1 -1
revive3 849 987 20 33 -1 -1
revive4 813 817 23 38 -1 -1
revive5 852 145 25 46 -1 -1
revive6 772 953 38 67 -1 -1
revive7 852 743 27 58 -1 -1
revive8 813 675 37 81 -1 -1
revive9 644 765 42 84 -1 -1
jump1 224 284 59 43 -1 -1
jump2 397 283 52 62 -1 -1
jump3 285 607 54 61 -1 -1
jump4 288 126 54 69 -1 -1
jump5 397 595 51 74 -1 -1
jump6 773 504 38 66 -1 -1
jump7 851 360 35 79 -1 -1
jump8 852 648 34 93 -1 -1
jump9 852 553 34 93 -1 -1
jump10 851 892 34 93 -1 -1
fall1 852 553 34 93 -1 -1
fall2 851 892 34 93 -1 -1
jumpcut1 397 227 52 54 -1 -1
jumpcut2 450 786 50 52 -1 -1
jumpcut3 502 289 47 66 -1 -1
jumpcut4 343 286 52 56 -1 -1
jumpcut5 0 417 83 60 -1 -1
jumpcut6 223 928 59 55 -1 -1
jumpcut7 225 621 58 53 -1 -1
jumpcut8 342 735 53 58 -1 -1
jumpthrow1 451 226 49 55 -1 -1
jumpthrow2 600 0 43 52 -1 -1
jumpthrow3 731 938 39 53 -1 -1
jumpthrow4 343 657 52 53 -1 -1
jumpthrow5 731 172 40 52 -1 -1
jumpthrow6 225 621 58 53 -1 -1
jumpthrow7 342 735 53 58 -1 -1
land1 341 896 54 83 -1 -1
land10 0 114 96 61 -1 -1
land11 0 0 102 60 -1 -1
land12 0 62 102 50 -1 -1
land2 285 411 54 65 -1 -1
land3 88 361 67 37 -1 -1
land4 94 240 64 29 -1 -1
land5 78 992 68 30 -1 -1
land6 78 910 76 34 -1 -1
land7 0 333 86 47 -1 -1
land8 0 276 86 55 -1 -1
land9 0 177 96 61 -1 -1
movejump1 688 595 41 42 -1 -1
movejump2 551 664 45 76 -1 -1
movejump3 284 676 57 57 -1 -1
movejump4 224 525 58 42 -1 -1
movejump5 222 571 61 48 -1 -1
movejump6 225 621 58 53 -1 -1
movejump7 342 735 53 58 -1 -1
movejump8 450 559 50 85 -1 -1
movejump9 222 479 59 44 -1 -1
push1 235 0 56 46 -1 -1
push2 157 525 65 44 -1 -1
push3 85 417 70 45 -1 -1
push4 0 864 77 44 -1 -1
push5 84 479 72 44 -1 -1
push6 98 114 66 44 -1 -1
push7 78 946 75 44 -1 -1
push8 0 589 81 44 -1 -1
push9 79 777 75 44 -1 -1
run1 731 452 40 48 -1 -1
run10 501 905 49 57 -1 -1
run11 285 792 55 58 -1 -1
run12 285 735 55 55 -1 -1
run13 598 744 44 57 -1 -1
run3 688 485 41 53 -1 -1
run2 643 946 43 51 -1 -1
run4 688 221 41 57 -1 -1
run5 344 122 52 57 -1 -1
run6 550 782 46 54 -1 -1
run7 644 493 42 58 -1 -1
run8 688 114 41 52 -1 -1
run9 851 304 35 54 -1 -1
stand1 813 142 37 50 -1 -1
stand2 688 280 41 47 -1 -1
stand3 731 55 40 52 -1 -1
stand4 597 956 44 55 -1 -1
stand5 688 168 41 51 -1 -1
stand6 645 0 42 51 -1 -1
stand7 598 427 44 53 -1 -1
stand8 731 55 40 52 -1 -1
stand9 172 0 61 53 -1 -1
stand10 158 424 62 54 -1 -1
stand11 688 639 41 53 -1 -1
stand12 731 645 39 53 -1 -1
stand13 851 249 36 53 -1 -1
stand14 689 329 40 53 -1 -1
stand15 688 840 41 55 -1 -1
stand16 599 207 43 73 -1 -1
stand17 644 613 42 77 -1 -1
stand18 644 692 42 71 -1 -1
stand19 644 54 42 62 -1 -1
stand20 688 694 41 54 -1 -1
stand21 731 316 40 54 -1 -1
stand22 731 751 39 53 -1 -1
stand23 851 194 36 53 -1 -1
stand24 731 0 40 53 -1 -1
stand25 688 966 41 55 -1 -1
stand26 773 388 38 63 -1 -1
stand27 688 897 41 67 -1 -1
stand28 644 553 42 58 -1 -1
stand29 773 453 38 49 -1 -1
stand30 731 700 39 49 -1 -1
stand31 731 887 39 49 -1 -1
stand32 772 890 38 61 -1 -1
stand33 773 319 38 67 -1 -1
stand34 813 467 36 74 -1 -1
stand35 731 806 39 79 -1 -1
stand36 644 54 42 62 -1 -1
stand37 688 694 41 54 -1 -1
stand38 731 316 40 54 -1 -1
stand39 731 751 39 53 -1 -1
stop1 225 676 57 57 -1 -1
stop2 598 540 44 56 -1 -1
stop3 397 671 51 66 -1 -1
stop4 502 836 46 65 -1 -1
stop5 644 427 42 64 -1 -1
stop6 285 217 55 46 -1 -1
stop7 397 181 52 44 -1 -1
stop8 502 782 46 52 -1 -1
stop9 397 794 51 52 -1 -1
swing1 731 372 40 78 -1 -1
swing10 852 0 34 78 -1 -1
swing2 289 48 54 72 -1 -1
swing3 397 347 52 77 -1 -1
swing4 598 598 44 80 -1 -1
swing5 813 256 36 83 -1 -1
swing6 599 861 43 83 -1 -1
swing7 450 707 50 77 -1 -1
swing8 284 329 57 80 -1 -1
swing9 502 417 47 81 -1 -1
throw1 598 803 43 56 -1 -1
throw2 688 53 41 59 -1 -1
throw3 773 90 38 58 -1 -1
throw4 551 289 46 60 -1 -1
throw5 773 572 37 58 -1 -1
throw6 772 645 39 52 -1 -1
runthrow1 773 90 38 58 -1 -1
runthrow2 551 289 46 60 -1 -1
up1 772 802 39 53 -1 -1
up2 553 0 45 59 -1 -1
up3 451 344 49 58 -1 -1
upcut1 644 118 42 53 -1 -1
upcut2 773 257 38 60 -1 -1
upcut3 157 361 65 61 47 61
upcut4 502 357 47 58 29 58
upcut5 501 964 47 54 29 54
upcut6 341 607 54 48 35 48
upcut7 83 589 74 71 22 71
upcut8 342 475 54 86 22 86
upcut9 502 0 49 71 22 71
upcut10 398 426 51 67 23 67
upcut11 157 361 65 61 47 61
upcut12 502 357 47 58 29 58
upcut13 501 964 47 54 29 54
upcut14 341 607 54 48 35 48
upcut15 83 589 74 71 22 71
upcut16 342 475 54 86 22 86
upcut17 502 0 49 71 22 71
upcut18 398 426 51 67 23 67
upcut19 157 361 65 61 47 61
upcut20 342 795 53 57 32 57
upcut21 550 838 46 54 25 54