ALADDIN -1 -1
apple1 373 24 7 7 -1 -1
appledestroy1 394 23 7 10 -1 -1
appledestroy2 424 18 20 18 -1 -1
appledestroy3 444 16 29 22 -1 -1
appledestroy4 485 14 31 25 -1 -1
appledestroy5 532 13 30 27 -1 -1
climb1 11 1362 29 86 -1 -1
climb10 406 1362 28 81 -1 -1
climb2 53 1361 28 89 -1 -1
climb3 28 74 28 74 -1 -1
climb4 133 1377 42 62 -1 -1
climb5 186 1363 31 76 -1 -1
climb6 231 1358 29 86 -1 -1
climb7 274 1367 28 79 -1 -1
climb8 314 1377 32 63 -1 -1
climb9 356 1377 42 62 -1 -1
hangcut1 15 1769 48 87 12 87
hangcut2 81 1769 52 89 13 89
hangcut3 146 1760 61 102 49 102
hangcut4 222 1773 78 90 45 90
hangcut5 327 1773 55 89 20 89
hangcut6 400 1775 75 89 41 89
hangcut7 499 1775 48 87 13 87
climbjump1 10 1870 34 73 -1 -1
climbjump2 65 1873 25 77 -1 -1
climbjump3 100 1874 36 71 -1 -1
climbjump4 144 1874 48 64 -1 -1
climbjump5 204 1875 59 54 -1 -1
climbjump6 281 1876 59 41 -1 -1
climbjump7 354 1869 52 54 -1 -1
climbjump8 422 1871 47 67 -1 -1
climbjump9 482 1866 45 75 -1 -1
hang1 7 1564 49 88 -1 -1
hang2 65 1564 47 87 -1 -1
hang3 123 1564 41 88 -1 -1
hang4 181 1563 40 88 -1 -1
hang5 236 1562 38 88 -1 -1
hangthrow1 13 1666 37 87 -1 -1
hangthrow2 65 1666 41 87 18 87
hangthrow3 125 1665 51 88 17 88
hangthrow4 192 1664 31 89 17 89
hangthrow5 236 1664 57 89 37 89
crazy1 3 2565 44 62 -1 -1
crazy2 60 2566 49 59 -1 -1
crazy3 123 2566 35 57 -1 -1
crazy4 166 2565 40 61 -1 -1
crazy5 215 2567 36 60 -1 -1
crazy6 263 2564 38 63 -1 -1
crazy7 310 2565 48 59 -1 -1
crazy8 372 2564 37 61 -1 -1
cut1 5 337 45 51 -1 -1
cut2 54 326 51 62 23 62
cut3 115 314 45 74 17 74
cut4 171 319 82 69 13 69
cut5 260 335 51 53 20 53
dance1 10 2029 54 62 -1 -1
dance2 82 2033 50 63 -1 -1
dance3 150 2035 45 60 -1 -1
dance4 211 2038 50 59 -1 -1
dance5 272 2041 56 54 -1 -1
dance6 341 2042 59 59 -1 -1
dance7 416 2034 58 69 -1 -1
dance8 488 2034 55 70 -1 -1
die1 1 2234 80 48 -1 -1
die2 87 2231 61 51 -1 -1
die3 160 2224 45 58 -1 -1
die4 213 2224 45 58 -1 -1
die5 264 2231 39 50 -1 -1
die6 312 2230 40 51 -1 -1
die7 361 2230 35 51 -1 -1
die8 407 2230 36 51 -1 -1
die9 454 2232 39 49 -1 -1
die10 505 2227 44 56 -1 -1
die11 560 2228 41 53 -1 -1
die12 614 2232 39 50 -1 -1
die13 661 2232 40 51 -1 -1
die14 2 2335 37 51 -1 -1
die15 49 2329 37 57 -1 -1
die16 97 2331 43 55 -1 -1
die17 148 2333 61 53 -1 -1
die18 223 2336 61 51 -1 -1
die19 296 2310 76 83 -1 -1
die20 383 2309 77 85 -1 -1
die21 476 2309 75 85 -1 -1
die22 567 2311 68 83 -1 -1
die23 654 2313 66 81 -1 -1
die24 734 2321 66 74 -1 -1
die25 811 2323 66 74 -1 -1
die26 888 2323 66 74 -1 -1
die27 970 2325 66 74 -1 -1
die28 1049 2325 66 74 -1 -1
hit1 9 2167 42 46 -1 -1
hit2 58 2161 55 52 -1 -1
hit3 122 1262 59 50 -1 -1
hit4 189 2163 80 48 -1 -1
hit5 282 2160 61 51 -1 -1
hit6 351 2161 59 49 -1 -1
down1 645 345 42 49 -1 -1
down2 293 0 48 40 -1 -1
down3 104 76 54 30 -1 -1
down4 159 624 53 35 -1 -1
downcut1 9 640 47 33 20 33
downcut2 64 642 45 31 20 31
downcut3 115 640 71 33 20 33
downcut4 1943 639 92 34 21 34
downcut5 298 640 84 33 20 33
downcut6 392 640 71 33 20 33
downcut7 475 642 45 31 20 31
downn1 9 2111 52 38 -1 -1
downn2 68 2110 52 39 -1 -1
downn3 219 2110 52 39 -1 -1
downn4 190 2111 52 38 -1 -1
downn5 259 2126 63 22 -1 -1
downn6 333 2107 55 42 -1 -1
downthrow1 9 571 37 44 -1 -1
downthrow2 58 567 37 48 -1 -1
downthrow3 107 751 50 48 19 44
downthrow4 164 578 82 37 30 37
downthrow5 256 579 57 37 26 37
flippe1 12 1154 49 54 -1 -1
flippe2 76 1162 37 32 -1 -1
flippe3 135 1160 35 34 -1 -1
flippe4 190 1160 38 40 -1 -1
flippe5 252 1165 38 31 -1 -1
flippe6 306 1158 37 38 -1 -1
flippe7 362 1161 39 35 -1 -1
flippe8 76 1162 37 32 -1 -1
flippe9 135 1160 35 34 -1 -1
flippe10 190 1160 38 40 -1 -1
flippe11 252 1165 38 31 -1 -1
flippe12 306 1158 37 38 -1 -1
flippe13 362 1161 39 35 -1 -1
flippe14 417 1156 43 42 -1 -1
hug1 9 2654 51 30 -1 -1
hug10 548 2648 45 59 -1 -1
hug11 603 2650 42 58 -1 -1
hug12 654 2653 49 56 -1 -1
hug13 715 2653 49 57 -1 -1
hug14 773 2655 49 57 -1 -1
hug15 830 2656 50 56 -1 -1
hug2 68 2653 50 30 -1 -1
hug3 128 2654 51 29 -1 -1
hug4 189 2653 51 30 -1 -1
hug5 251 2653 51 30 -1 -1
hug6 333 2643 47 60 -1 -1
hug7 388 2644 47 60 -1 -1
hug8 441 2645 45 60 -1 -1
hug9 493 2646 45 60 -1 -1
revive1 2 2472 64 69 -1 -1
revive10 442 2454 53 87 -1 -1
revive11 510 2441 43 100 -1 -1
revive12 563 2426 50 115 -1 -1
revive13 623 2407 45 134 -1 -1
revive14 682 2400 40 141 -1 -1
revive2 77 2475 58 66 -1 -1
revive3 142 2508 20 33 -1 -1
revive4 173 2503 23 38 -1 -1
revive5 205 2495 25 46 -1 -1
revive6 243 2483 38 67 -1 -1
revive7 278 2474 27 58 -1 -1
revive8 333 2460 37 81 -1 -1
revive9 382 2460 42 84 -1 -1
jump1 8 846 59 43 -1 -1
jump2 75 828 52 62 -1 -1
jump3 137 829 54 61 -1 -1
jump4 203 824 54 69 -1 -1
jump5 269 820 51 74 -1 -1
jump6 336 829 38 66 -1 -1
jump7 390 818 35 79 -1 -1
jump8 448 808 34 93 -1 -1
jump9 504 810 34 93 -1 -1
jump10 564 812 34 93 -1 -1
fall1 504 810 34 93 -1 -1
fall2 564 812 34 93 -1 -1
jumpcut1 13 1077 52 54 -1 -1
jumpcut2 75 1075 50 52 -1 -1
jumpcut3 140 1067 47 66 -1 -1
jumpcut4 199 1078 52 56 -1 -1
jumpcut5 266 1070 83 60 -1 -1
jumpcut6 361 1087 59 55 -1 -1
jumpcut7 350 692 58 53 -1 -1
jumpcut8 419 688 53 58 -1 -1
jumpthrow1 19 1005 49 55 -1 -1
jumpthrow2 77 1007 43 52 -1 -1
jumpthrow3 132 1008 39 53 -1 -1
jumpthrow4 185 1008 52 53 -1 -1
jumpthrow5 253 1012 40 52 -1 -1
jumpthrow6 350 692 58 53 -1 -1
jumpthrow7 419 688 53 58 -1 -1
land1 15 901 54 83 -1 -1
land10 748 925 96 61 -1 -1
land11 853 926 102 60 -1 -1
land12 968 928 102 50 -1 -1
land2 87 911 54 65 -1 -1
land3 145 942 67 37 -1 -1
land4 215 949 64 29 -1 -1
land5 288 950 68 30 -1 -1
land6 366 948 76 34 -1 -1
land7 451 935 86 47 -1 -1
land8 549 928 86 55 -1 -1
land9 644 925 96 61 -1 -1
movejump1 10 705 41 42 -1 -1
movejump2 66 683 45 76 -1 -1
movejump3 124 686 57 57 -1 -1
movejump4 199 698 58 42 -1 -1
movejump5 273 696 61 48 -1 -1
movejump6 350 692 58 53 -1 -1
movejump7 419 688 53 58 -1 -1
movejump8 491 680 50 85 -1 -1
movejump9 560 719 59 44 -1 -1
push1 7 1959 56 46 -1 -1
push2 75 1961 65 44 -1 -1
push3 157 1961 70 45 -1 -1
push4 237 1962 77 44 -1 -1
push5 327 1964 72 44 -1 -1
push6 416 1965 66 44 -1 -1
push7 495 1695 75 44 -1 -1
push8 585 1966 81 44 -1 -1
push9 681 1968 75 44 -1 -1
run1 14 1225 40 48 -1 -1
run10 488 1216 49 57 -1 -1
run11 547 1215 55 58 -1 -1
run12 611 1219 55 55 -1 -1
run13 679 1218 44 57 -1 -1
run2 66 1222 43 51 -1 -1
run3 120 1220 41 53 -1 -1
run4 171 1216 41 57 -1 -1
run5 220 1216 52 57 -1 -1
run6 279 1219 46 54 -1 -1
run7 334 1215 42 58 -1 -1
run8 386 1221 41 52 -1 -1
run9 440 1219 35 54 -1 -1
stand1 3 9 37 50 -1 -1
stand2 47 11 41 47 -1 -1
stand3 95 6 40 52 -1 -1
stand4 143 3 44 55 -1 -1
stand5 197 6 41 51 -1 -1
stand6 250 5 42 51 -1 -1
stand7 303 2 44 53 -1 -1
stand8 6 83 40 52 -1 -1
stand9 51 81 61 53 -1 -1
stand10 116 80 62 54 -1 -1
stand11 180 81 41 53 -1 -1
stand12 228 81 39 53 -1 -1
stand13 275 81 36 53 -1 -1
stand14 319 81 40 53 -1 -1
stand15 366 79 41 55 -1 -1
stand16 417 61 43 73 -1 -1
stand17 465 57 42 77 -1 -1
stand18 516 63 42 71 -1 -1
stand19 568 72 42 62 -1 -1
stand20 619 80 41 54 -1 -1
stand21 668 80 40 54 -1 -1
stand22 715 81 39 53 -1 -1
stand23 3 165 36 53 -1 -1
stand24 46 165 40 53 -1 -1
stand25 91 163 41 55 -1 -1
stand26 140 155 38 63 -1 -1
stand27 188 151 41 67 -1 -1
stand28 238 159 42 58 -1 -1
stand29 287 168 38 49 -1 -1
stand30 334 168 39 49 -1 -1
stand31 378 168 39 49 -1 -1
stand32 425 156 38 61 -1 -1
stand33 472 150 38 67 -1 -1
stand34 519 143 36 74 -1 -1
stand35 568 138 39 79 -1 -1
stand36 615 155 42 62 -1 -1
stand37 666 163 41 54 -1 -1
stand38 715 163 40 54 -1 -1
stand39 762 164 39 53 -1 -1
stop1 11 1293 57 57 -1 -1
stop2 83 1294 44 56 -1 -1
stop3 134 1284 51 66 -1 -1
stop4 200 1283 46 65 -1 -1
stop5 256 1285 42 64 -1 -1
stop6 109 1306 55 46 -1 -1
stop7 376 1308 52 44 -1 -1
stop8 437 1300 46 52 -1 -1
stop9 498 1294 51 52 -1 -1
swing1 10 1467 40 78 -1 -1
swing10 568 1473 34 78 -1 -1
swing2 57 1469 54 72 -1 -1
swing3 120 1470 52 77 -1 -1
swing4 191 1470 44 80 -1 -1
swing5 285 1468 36 83 -1 -1
swing6 311 1468 43 83 -1 -1
swing7 366 1471 50 77 -1 -1
swing8 403 1473 57 80 -1 -1
swing9 517 1471 47 81 -1 -1
throw1 7 235 43 56 -1 -1
throw2 57 232 41 59 -1 -1
throw3 109 233 38 58 -1 -1
throw4 163 231 46 60 -1 -1
throw5 221 233 37 58 -1 -1
throw6 268 239 39 52 -1 -1
runthrow1 109 233 38 58 -1 -1
runthrow2 163 231 46 60 -1 -1
up1 11 496 39 53 -1 -1
up2 59 490 45 59 -1 -1
up3 111 491 49 58 -1 -1
upcut1 11 420 42 53 -1 -1
upcut2 66 413 38 60 -1 -1
upcut3 111 412 65 61 47 61
upcut4 193 415 47 58 29 58
upcut5 249 418 47 54 29 54
upcut6 298 424 54 48 35 48
upcut7 363 401 74 71 22 71
upcut8 452 386 54 86 22 86
upcut9 520 401 49 71 22 71
upcut10 584 405 51 67 23 67
upcut11 111 412 65 61 47 61
upcut12 193 415 47 58 29 58
upcut13 249 418 47 54 29 54
upcut14 298 424 54 48 35 48
upcut15 363 401 74 71 22 71
upcut16 452 386 54 86 22 86
upcut17 520 401 49 71 22 71
upcut18 584 405 51 67 23 67
upcut19 111 412 65 61 47 61
upcut20 644 415 53 57 32 57
upcut21 704 418 46 54 25 54