
Camel1 4 21 63 44 31 44
CamelAttack1 73 11 81 54 39 54
CamelAttack2 163 9 95 56 41 56
CamelAttack3 268 9 113 56 46 56
CamelAttack4 396 10 148 55 45 55
CamelAttack5 556 10 130 55 45 55
CamelAttack6 707 19 147 46 39 46
CamelApple1 865 42 12 9 6 4
FloatingGround1 6  631 33 14 16 8
SpringBoard1 9 598 42 18 0 18
SpringBoardAction1 73 599 41 15 0 7
SpringBoardAction2 144 596 42 20 0 20
SpringBoardAction3 220 593 40 24 0 24
SpringBoardAction4 144 596 42 20 0 20
Pelder1 5 108 26 52 13 52
Pelder2 38 106 27 54 13 54
Pelder3 73 105 28 55 14 55
Pelder4 108 104 28 56 14 56
Pelder5 146 104 28 56 14 56
Pelder6 183 104 28 56 14 56
Pelder7 219 104 28 56 14 56
Pelder8 254 112 35 48 17 48
Pelder9 295 114 50 46 25 46
Pelder10 355 110 67 50 22 50
Pelder11 436 111 58 50 19 50
Pelder12 505 110 52 50 19 50
Pelder13 565 110 52 50 19 50
Pelder14 627 110 52 50 17 50
Store1 5 200 54 57 	38 57
Store2 75 192 60 65 38 65
Store3 154 173 59 84 38 84
Store4 227 171 83 86 63 86
Store5 325 171 102 86 67 86
Store6 438 169 70 88 51 86
Store7 535 186 71 71 50 71
Store8 613 186 77 71 52 71
Store9 701 185 98 71 56 71
Store10 809 185 101 71 61 71
Store11 6 291 100 73 56 73
Store12 122 290 95 77 56 77
Store13 246 288 106 78 59 78
Store14 364 288 108 79 54 79
Store15 506 293 113 78 56 78
Store16 633 298 130 77 65 77
Store17 779 302 136 75 68 75
Store18 24 404 132 57 66 57
Store19 180 406 131 65 65 65
Store20 339 407 106 59 53 59
Store21 490 412 108 52 54 52
Store22 617 415 116 48 58 48
Store23 751 404 122 60 61 60
Store24 10 510 123 61 61 61
Store25 152 516 61 54 61 54
Store26 233 512 104 58 104 58
Store27 354 488 93 82 93 82
Store28 465 498 82 71 82 71
Store29 567 500 80 68 80 68
Store30 660 500 80 68
