	
Begin1 1932 904 320 224
Begin10 1610 904 320 224
Begin11 3220 1582 320 224
Begin12 1610 452 320 224
Begin13 1610 226 320 224
Begin14 1610 0 320 224
Begin15 1288 1808 320 224
Begin16 1288 1582 320 224
Begin17 1288 1356 320 224
Begin18 1288 1130 320 224
Begin19 1288 904 320 224
Begin2 1932 678 320 224
Begin20 1288 678 320 224
Begin21 1288 452 320 224
Begin22 1288 226 320 224
Begin23 1288 0 320 224
Begin24 966 1808 320 224
Begin25 966 1582 320 224
Begin26 966 1356 320 224
Begin27 966 1130 320 224
Begin28 966 904 320 224
Begin29 966 678 320 224
Begin3 1932 452 320 224
Begin30 966 452 320 224
Begin31 966 226 320 224
Begin32 966 0 320 224
Begin33 644 1808 320 224
Begin34 644 1582 320 224
Begin35 644 1356 320 224
Begin36 644 1130 320 224
Begin37 644 904 320 224
Begin38 644 678 320 224
Begin39 644 452 320 224
Begin4 1932 226 320 224
Begin40 644 226 320 224
Begin41 644 0 320 224
Begin42 322 1808 320 224
Begin43 322 1582 320 224
Begin44 322 1356 320 224
Begin45 322 1130 320 224
Begin46 322 904 320 224
Begin47 322 678 320 224
Begin48 322 452 320 224
Begin49 322 226 320 224
Begin5 1932 0 320 224
Begin50 322 0 320 224
Begin51 0 1808 320 224
Begin52 0 1582 320 224
Begin53 0 1356 320 224
Begin54 0 1130 320 224
Begin55 0 904 320 224
Begin56 0 678 320 224
Begin57 0 452 320 224
Begin58 0 226 320 224
Begin59 0 0 320 224
Begin6 1610 1808 320 224
Begin60 1610 678 320 224
Begin61 3220 1356 320 224
Begin62 3220 1130 320 224
Begin63 3220 904 320 224
Begin64 3220 678 320 224
Begin65 3220 452 320 224
Begin66 3220 226 320 224
Begin67 3220 0 320 224
Begin68 2898 1808 320 224
Begin69 2898 1582 320 224
Begin7 1610 1582 320 224
Begin70 2898 1356 320 224
Begin71 2898 1130 320 224
Begin72 2898 904 320 224
Begin73 2898 678 320 224
Begin74 2898 452 320 224
Begin75 2898 226 320 224
Begin76 2898 0 320 224
Begin77 2576 1808 320 224
Begin78 2576 1582 320 224
Begin79 2576 1356 320 224
Begin8 1610 1356 320 224
Begin80 2576 1130 320 224
Begin81 2576 904 320 224
Begin82 2576 678 320 224
Begin83 2576 452 320 224
Begin84 2576 226 320 224
Begin85 2576 0 320 224
Begin86 2254 1808 320 224
Begin87 2254 1582 320 224
Begin88 2254 1356 320 224
Begin89 2254 1130 320 224
Begin9 1610 1130 320 224
Begin90 2254 904 320 224
Begin91 2254 678 320 224
Begin92 2254 452 320 224
Begin93 2254 226 320 224
Begin94 2254 0 320 224
Begin95 1932 1808 320 224
Begin96 1932 1582 320 224
Begin97 1932 1356 320 224
Begin98 1932 1130 320 224
Start1 3221 1809 320 224
Start2 3542 1 320 224
Start3 3542 228 320 224
Start4 3542 1 320 224
store1 3542 454 320 224
store2 3542 673 320 224