nameAnimation left top width height
information1 0 0 322 199 161 99
apple1 340 16 14 14 7 7
magiclamp1 369 15 33 17 16 8
geniebonuslevel1 334 45 40 51 20 25
geniebonuslevel2 389 45 45 53 22 26
geniebonuslevel3 443 48 46 45 23 22
geniebonuslevel4 497 48 46 44 23 22
1up1 341 141 21 24 10 12
1up2 368 141 22 24 11 12
UP1 368 141 22 24 11 12
extrahealth1 342 170 20 25 10 12
extrahealth2 366 173 17 23 8 11
extrahealth3 388 175 15 22 7 11
extrahealth4 407 176 16 20 8 10
extrahealth5 426 174 19 23 9 11
extrahealth6 449 175 15 22 7 11
extrahealth7 468 176 15 22 7 11
extrahealth8 486 177 17 20 8 10
restartpoint1 19 423 20 34 10 17
restartpoint2 50 429 23 29 11 14
restartpoint3 78 437 34 20 17 10
restartpoint4 118 425 21 35 10 17
restartpoint5 145 426 24 33 12 16
restartpoint6 175 427 25 32 12 16
restartpoint7 208 427 23 33 11 16
restartpoint8 238 427 22 34 11 17
restartpoint9 270 429 24 32 12 16
restartpoint10 301 430 24 33 12 16
abubonuslevel1 345 214 20 18 10 9
abubonuslevel2 369 215 18 17 9 8
abubonuslevel3 392 214 19 18 9 9
abubonuslevel4 416 210 18 22 9 11
abubonuslevel5 439 209 20 23 10 11
abubonuslevel6 462 205 33 27 16 13
abubonuslevel7 499 204 33 29 16 14
abubonuslevel8 541 207 23 25 11 12
abubonuslevel9 569 206 23 26 11 13
abubonuslevel10 596 212 20 21 10 10
spendthese1 340 110 18 18 9 9
spendthese2 362 110 18 18 9 9
spendthese3 385 110 18 18 9 9
spendthese4 409 110 17 18 8 9
spendthese5 432 110 17 18 8 9
spendthese6 454 105 32 25 16 12
spendthese7 490 107 25 22 12 11
spendthese8 521 112 18 16 9 8
spendthese9 545 111 17 18 8 9
Health11_1 12 486 144 32 0 32
Health11_2 166 486 144 32 0 32
Health11_3 317 486 143 32 0 32
Health11_4 465 486 143 32 0 32
Health10_1 12 534 131 32 0 32
Health10_2 153 534 131 32 0 32
Health10_3 291 534 130 32 0 32
Health10_4 427 534 130 32 0 32
Health9_1 12 580 120 32 0 32
Health9_2 142 580 120 32 0 32
Health9_3 272 580 119 32 0 32
Health9_4 401 580 119 32 0 32
Health8_1 12 627 112 32 0 32
Health8_2 134 627 112 32 0 32
Health8_3 256 627 111 32 0 32
Health8_4 377 627 111 32 0 32
Health7_1 12 674 104 32 0 32
Health7_2 126 674 104 32 0 32
Health7_3 240 674 103 32 0 32
Health7_4 353 674 103 32 0 32
Health6_1 12 721 96 32 0 32
Health6_2 118 721 96 32 0 32
Health6_3 224 721 95 32 0 32
Health6_4 329 721 95 32 0 32
Health5_1 12 768 88 32 0 32
Health5_2 111 768 88 32 0 32
Health5_3 209 768 87 32 0 32
Health5_4 306 768 87 32 0 32
Health4_1 12 815 80 32 0 32
Health4_2 102 815 80 32 0 32
Health4_3 192 815 79 32 0 32
Health4_4 281 815 79 32 0 32
Health3_1 12 862 71 32 0 32
Health3_2 93 862 71 32 0 32
Health3_3 174 862 72 32 0 32
Health3_4 256 862 72 32 0 32
Health2_1 12 909 63 29 0 29
Health2_2 85 909 63 29 0 29
Health2_3 158 909 64 29 0 29
Health2_4 232 908 64 30 0 30
Health1_1 12 953 48 24 0 24
Health1_2 12 953 48 24 0 24
Health1_3 12 953 48 24 0 24
Health1_4 12 953 48 24 0 24